.Random.seed <-
c(403L, 10L, 603456804L, -721403638L, 953612405L, -1305390129L, 
1903879382L, -1005423488L, -1658156349L, 1240978529L, 694654160L, 
1274136110L, 536426457L, -538814485L, -2051469734L, 656345116L, 
-1270934241L, -1494182539L, -185097204L, 508487138L, -598518083L, 
-1599573705L, -523315746L, 1258490648L, 887030395L, 931016729L, 
1363536040L, 735693398L, -1920289071L, -410962301L, -1591022318L, 
1272936612L, 491042919L, 131594685L, -882240716L, -906692454L, 
-1250500891L, 64141439L, -1522011642L, -1337959024L, 1490354227L, 
561082321L, -44046976L, -1328879522L, 439076777L, -103416229L, 
-1362402710L, 1982615308L, -442963633L, 291295749L, 377323708L, 
1852352914L, -742407539L, 1652191431L, -696646226L, -373092344L, 
89981963L, 1423884521L, 334348216L, -2126702490L, 946620673L, 
1298399123L, -1091399614L, 218781684L, 1975714295L, -824572435L, 
-425376124L, -1335609174L, 1710523925L, 1791515311L, 152506550L, 
-1403941152L, 353145379L, 1827814721L, -98140112L, 1496029774L, 
-260120903L, -322327861L, 1199270778L, 1968020092L, -1111937345L, 
-1323460715L, -1155641428L, -229143166L, -17067171L, -185254313L, 
-1943904962L, -286642824L, 638271067L, -1690478151L, 885648392L, 
1165063862L, 1669432817L, 1112513571L, -2022968206L, -686250300L, 
1884913799L, -43514787L, -782194092L, 1301741690L, -251231291L, 
-1227082465L, -691759962L, -97835472L, 529562835L, 1127985905L, 
51790368L, -1455119170L, 1928220873L, -2092772741L, 297891914L, 
486115500L, -935923793L, 331365221L, 1968001308L, -1094985358L, 
467880429L, 1296440871L, 1131564622L, -1508216152L, -1706995541L, 
-473466423L, -2126686760L, 1466279046L, 220252513L, 79449331L, 
-765037726L, 586644948L, 999635159L, 555731661L, -698672540L, 
-1611870134L, 23795125L, 735213839L, 1062102550L, 1716986048L, 
263992963L, 1727263393L, -352398192L, 721944430L, -2047813351L, 
66599339L, -1934518374L, -907802788L, 1002378847L, 1374889525L, 
1931396556L, 216270114L, 1821618045L, 528057463L, -1426179682L, 
313536600L, -397955653L, -416595111L, -1333055256L, 1809912086L, 
-1149521263L, -851329213L, 10000978L, 390245604L, 1195194151L, 
-376294531L, -163658124L, 788379738L, -47365979L, 1914233535L, 
1531001158L, 1718063056L, -529282573L, 1672897809L, 1883717952L, 
739586334L, -1655208471L, 1512359707L, -793824982L, -1230017972L, 
1852962319L, 839588165L, 1833599740L, 1572829522L, -129528115L, 
-348510585L, -443354770L, -600372408L, -1165095093L, -1452157271L, 
-470635528L, 1071452966L, 1495225409L, 753759699L, 162019202L, 
1844870068L, -1820159177L, -775654867L, 1843000132L, -386819990L, 
-264240427L, 1733966959L, -1420626570L, 965787296L, 1005353827L, 
-281767935L, -508757136L, 306377486L, 3624313L, -649205493L, 
-2067916230L, -277688004L, -305365377L, 1206232533L, 1649777644L, 
-878404286L, -1530715491L, 438046487L, -3133826L, 313593400L, 
-848119525L, 872390265L, -2111022392L, -431404298L, 6112049L, 
-1893035165L, 352610610L, 1995004548L, 434681543L, 1357118877L, 
197171476L, 1175779258L, 1482465797L, -2013251344L, -606714180L, 
-1499454956L, -464194366L, -677561760L, -841862788L, 1554246864L, 
1197092898L, -1972038488L, 132723084L, -356384324L, -701068238L, 
382119744L, 404409012L, 1745931592L, -275335494L, 932461328L, 
390809836L, 892906580L, -187317486L, 85912992L, 1274288076L, 
-1023710368L, 281275586L, -1672043992L, 732175788L, 875930428L, 
-870027406L, 180952880L, 1880521764L, -570486216L, 1083360986L, 
1148298128L, -313667332L, 466020756L, 1183169346L, 1230762496L, 
-819563460L, -1622889904L, 1086526626L, 1676928840L, -1630558708L, 
-1364683044L, -1930026926L, 164335744L, 1812165460L, 648778728L, 
1157436154L, -2061086896L, 804081708L, 889377140L, 1117350546L, 
938857056L, -495321972L, -1822184096L, 327909602L, -110438232L, 
-1362509108L, -776780292L, 1185714L, 316387312L, 1117765060L, 
-286570152L, -676385414L, 30793136L, -1140483652L, -1131533740L, 
700132802L, -2014606560L, -1403819076L, -1051233200L, 289249250L, 
381082472L, 64644940L, 869587708L, -522628366L, -1608945408L, 
1710691444L, 135510536L, -284859974L, 1991932368L, -436857876L, 
404117396L, -1320377134L, 164925536L, -817776308L, -1104945376L, 
-946445694L, -1885720088L, 275989484L, -1638040004L, 313332338L, 
1251235696L, -1096679132L, -443548104L, -802247270L, 160699856L, 
1064071612L, 1642666644L, -1575274878L, 233175488L, -1012310212L, 
-1607186800L, 1189790498L, -414437880L, -993024244L, -1596645476L, 
-546637806L, -931953792L, 183123732L, 887630120L, 886569018L, 
-367548464L, -46185876L, -356170700L, 122367122L, -257739424L, 
-844144308L, 1185833440L, -565397598L, 1760518056L, 573852812L, 
-1757336644L, 1648296050L, 1172902896L, 2052341828L, -1594551208L, 
2065303610L, 1797849200L, -1000453572L, -1037038828L, 680517314L, 
-1122558240L, 1770505340L, -65785648L, 611328930L, 903406120L, 
2105253132L, 671329212L, 990727474L, 1571423424L, -1706901964L, 
-807180600L, 1259933370L, -1338586992L, 1606347500L, -128556460L, 
630220434L, 1128520480L, 443767756L, 1841870048L, -2098611518L, 
887767080L, 1198449580L, 320983740L, -1985896974L, -226496976L, 
939067300L, -149953096L, -1251195046L, 2029619344L, 827237244L, 
1909873428L, 1834713410L, -615619840L, 985507772L, 1850778448L, 
17083682L, -1933044152L, 1885808652L, 803915868L, 1713377746L, 
1815523840L, -1636763308L, -538950424L, 1003961594L, -1934500144L, 
921691436L, 1118996724L, -2141090414L, 2008502624L, -772435956L, 
1652192992L, -563254686L, 782132904L, 330647116L, -1319427204L, 
1147692338L, -706054544L, 1369017156L, 1331299288L, -2001154182L, 
-821474768L, -2032571460L, 1447793236L, 433980482L, 1286733984L, 
152763068L, -894616112L, -1809922206L, 1713326824L, 1314575564L, 
-132035076L, -575686158L, 1709627008L, -2074569228L, 266072712L, 
1843142458L, -1023738032L, -1909113748L, 1177613716L, 779256914L, 
1107663328L, 389000396L, 624486560L, 1251641730L, 1795299560L, 
-1697752340L, -1119435460L, -590052238L, -860255120L, 717575204L, 
-632958920L, 1211065114L, -1935219504L, 173331260L, -185983084L, 
-1255400275L, 1548755226L, -160623144L, 715869761L, -1859435277L, 
2012828436L, 1421435554L, -1163699273L, -1284704383L, -1282572922L, 
-1892626492L, 1230852853L, 243812191L, -1609954888L, 442052758L, 
865900195L, 1119533157L, -131936894L, 75181808L, 1317569177L, 
1601627787L, -1410234500L, -127710806L, -1045872161L, -1820223639L, 
-521773186L, 308914028L, 1025203133L, 15927431L, -764509072L, 
-925122802L, -503708613L, 959875869L, 1674756554L, 1649011432L, 
-2120081967L, 1870188483L, 1144035524L, -1235097742L, -1121920441L, 
667183633L, 1204134806L, -1274173708L, 2082408581L, 531381711L, 
-685111096L, 1896751462L, -776301677L, -1753096971L, -1330610990L, 
849341216L, -727702775L, 1510229051L, 503466380L, -920379366L, 
-1334424433L, -738806823L, 199668846L, -1495754756L, -1273262739L, 
298485527L, -1490061600L, -722877250L, 763482763L, 1731500301L, 
848530746L, -533361288L, -1067612383L, -405332013L, 207439604L, 
-1665984638L, -453853673L, 24220897L, -1543540186L, 1937355556L, 
2059688917L, -322339969L, -513769960L, 2042823990L, 185637827L, 
23052805L, 363370914L, 1837211024L, 1100410169L, 605628907L, 
1342024412L, -614297846L, 1746371071L, -146569143L, -2028199458L, 
-6682228L, -287611555L, 873039207L, 1569314448L, -410371922L, 
963492187L, 1636986173L, -61136982L, 1138112584L, 1059295345L, 
1814789603L, 1234794724L, -1153985518L, -1180672025L, -1944516687L, 
768530934L, -442342380L, 1796840229L, -2120188881L, -242471448L, 
1713310406L, -1921543309L, -1075618859L, 633922482L, -1260751488L, 
-126390935L, -915717669L, 2089429292L, 1033833274L, 1419617775L, 
1039417465L, -602150130L, -1164189988L, -1222906547L, 1539637431L, 
-1697514944L, -1431354594L, -1709258261L, 535545197L, 1950460890L, 
-1439335016L, -1200200703L, -1062070861L, -1163969324L, -683955742L, 
-1536187273L, 162920897L, -1379925178L, 1684852356L, -527820747L, 
471173151L, 773861240L, -324565418L, -1942201629L, -740844379L, 
-967162558L, -498527440L, -909428903L, 1424891083L, -767496900L, 
